eval_accuracy = 0.977625521892731
eval_loss = 0.11465259235135379
global_step = 39432
loss = 0.010153193321698716
