eval_accuracy = 0.9749491489133926
eval_loss = 0.09066810436811527
global_step = 7887
loss = 0.023456454831262297
