eval_accuracy = 0.9627065851170562
eval_loss = 0.16788435208738775
global_step = 15774
loss = 0.03967894452204945
