eval_accuracy = 0.9774114120543839
eval_loss = 0.11098152809307515
global_step = 39432
loss = 0.00993427071230645
